59.044
63.328
62.7114
68.3367
64.856
62.352
66.06
65.4754
66.1194
66.9307
66.7267
66.288
66.7854
64.0567
65.732
63.9827
67.29
71.9874
74.642
80.5774
91.4387
92.6574
91.0587
92.952
102.9767
99.804
101.1201
103.0674
100.0427
100.0561
109.5334
104.5574
106.1554
100.8714
94.4667
102.6401
98.4327
99.9407
99.166
95.384
99
99.1334
99.0014
99.3054
96.8474
94.5714
91.626
103.6507
108.0667
110.0474
122.3761
125.8061
125.2354
133.4554
136.6654
134.2801
134.8894
143.5447
149.2501
147.5601
166.1067
158.35
149.1233
135.6667
139.44
110.07
122.0933
123.78
124.24
139.8733
149.92
147.2533
141.1433
147.3833
149.7967
141.41
126.7867
129.2633
135.78
140.4
139.69
143.0033
149.3867
138.3633
141.8933
137.9933
141.7667
141.9733
144.6667
147.4333
148.8833
153.7667
149.6267
146.5567
143.61
140.6467
140.88
141.93
140.21
140.0933
141.56
135.34
136.9433
129.3467
133.5033
141.3
140.3267
146.03
143.3167
140.42
136.7867
139.0433
137.2533
136.1667
136.03
147.2033
162.2133
166.4233
163.2033
173.95
185.1266
191.3333
195.2533
189.2
194.92
189.6066
197.7933
199.68
213.92
216.6266
201.4933
209.0233
203.33
213.2766
211.0833
207.59
218.6333
231.6666
216.62
213.4466
215.3266
220.59
221.23
221.9966
231.5933
235.2233
243.2566
245.0366
251.9933
272.0133
293.34
270.3966
283.1466
284.8033
281.6666
275.3866
281.5166
283.4833
281.6633
282.2133
293.6
294.3633
288.0533
278.4766
264.51
279.9366
290.93
284.8966
283.33
284.0766
287.8066
283.1533
268.2733
270.5533
272.04
265.4066
266.05
262.46
260.4333
238.1666
232.9466
247.34
227.4066
225.1666
239.4766
228.8133
217.7333
207.1466
199.3166
187.6666
224.5266
222.6866
233.2
231.2433
235.98
225.6266
233.9366
217.72
218.29
223.3333
220.72
210.09
213.4633
206.2366
203.7633
211.8733
222.6433
220.5833
230.35
230.54
223.6566
227.9333
225.6733
233.9933
254.1066
244.0766
246.2833
246.5933
238.21
239.6633
248.04
239.8966
243.1333
246.0666
234.9133
231.4666
225.6666
236.48
228.3
224.5333
223.6466
221.18
224.1233
209.68
205.7333
196.63
190.5633
196.58
192.2766
192.6233
187.82
195.5933
193.6266
202.1466
201.5633
206.3766
210.2833
208.4066
207.9666
201.7066
190.9466
199.6833
201.71
201.1966
199.5933
203.3733
203.2966
205.8966
199.7866
201.6233
205.5333
207.77
206.9433
207.9033
218.8566
226.6066
223.9566
229.5733
226.92
226.5666
225.9733
226.3
219.86
214.8833
217.6033
218.9833
228.5666
222.8466
217.7933
216.8666
214.74
215.4066
220.1666
218.43
216.42
214.46
219.2066
214.9266
215.66
225.7833
229.0666
236.5566
236.58
236.9733
238.21
233.0333
237.92
236.6633
235.94
240.75
239.0566
228.7233
221.9033
229.6633
224.49
226.7533
235.4333
236.1633
237.0666
233.72
237.3066
243.6366
245.24
244.6966
244.13
244.5233
250.9733
251.29
251.62
245.4233
247.6666
248.1633
251.9433
252.33
253.1633
243.39
246.46
250.6466
251.2133
258.13
263.7866
259.1866
260.4366
258.4933
258.4066
260.51
260.1966
260.9166
264.5366
261.83
263.98
268.5733
270.36
272.7733
281.01
290.0366
288.09
288.6
298
303.2266
341.62
339.4766
345.9533
359.0133
371.3333
402.8633
390.6666
404.62
409.97
407.3633
387.6466
341.1666
355.9833
354.5033
344.4733
337.7966
351.5766
363.0033
365.46
379.02
385.6233
369.6766
372
360.64
378.9966
381.5866
365
361.5333
338.3233
336.3366
350.5833
356.32
334.6
339.01
322.1366
319.5033
325.33
308.9733
310.8566
299.98
312.8433
336.29
355.6666
364.6466
362.8233
362.0633
356.78
352.26
399.9266
383.1966
362.7066
354.9
342.32
352.7066
354.8
368.74
343.8533
349.87
343.5033
331.8833
332.09
314.6333
310
306.1333
312.47
276.3666
282.1166
312.24
310.4166
301.8866
297.0466
307.7733
302.4466
307.3333
310.6666
301.5166
286.6666
291.92
307.4766
307.7966
292.1166
285.66
273.8433
254.68
266.9233
269.9566
290.1433
288.1233
293.2966
279.7633
279.43
268.1933
274.8
286.3233
279.4333
265.1166
255.4566
267.2966
280.0766
290.5333
301.7966
307.0533
331.3266
333.0366
337.9733
336.88
363.9466
366.5233
364.6633
359.2
361.53
381.8166
363.7533
348.5866
352.42
341.83
325.31
328.9833
340.79
328.3333
334.7633
342.7166
325.7333
336.26
335.0166
332.6733
292.14
293.8366
292.5033
290.2533
300.98
303.0833
317.54
291.0933
288.55
262.37
266.68
244.6666
242.6666
256.53
241.4566
253.87
236.6033
236.4733
221.3
224.9666
209.3866
219.6
235.91
253.21
252.7533
246.79
258.3333
234.5166
238.28
238.8866
241.8666
239.7066
232.23
215.7366
220.89
233
213.1
216.76
237.0366
236.0866
235.07
245.7066
244.92
232.6633
228.49
224.4733
227.2633
233.0666
231.7333
244.5433
250.7633
234.3433
233.07
237.04
238.3133
240.0666
240.5466
245.53
247.5
271.7066
272.2433
268.4333
258.86
274.82
280.9
297.15
297.2766
300.5866
307.3966
308.6333
288.17
290.4233
283.3333
294.3566
286.63
300.03
309.32
306.5633
303.9966
302.87
296.6666
289.9133
296.4533
297.0966
296.07
288.09
284.82
277.7
275.61
277.16
270.21
274.42
283.7
289.26
299.68
304.42
292.13
302.61
303.75
303.35
309.07
308.73
300.8
288.59
275.33
276.01
282.94
287.81
268.21
265.25
242.4
249.44
240.81
238.13
223.07
222.96
216.5
217.24
221.72
204.99
219.35
220.19
222.04
207.28
214.44
211.25
222.415
224.64
225.09
228.52
227.54
227.82
214.98
215.31
207.47
197.08
191.3
177.59
190.72
195.97
190.95
194.42
186.92
183.17
180.19
167.87
169.91
183.2
182.86
182.92
180.83
194.7
194.7
194.86
182.45
179.82
174.04
173.44
179.05
167.82
160.95
156.8
157.67
150.23
149.87
137.8
137.57
125.35
123.15
109.1
112.71
121.82
123.18
108.1
113.64
110.34
113.06
119.77
118.85
123.22
123.56
122.4
131.49
128.78
127.17
133.42
143.75
143.89
144.43
160.27
177.9
166.66
173.22
181.41
188.27
189.98
194.76
196.81
201.29
207.32
196.89
194.64
209.25
214.24
202.04
208.31
197.37
200.86
202.07
196.88
207.63
205.71
202.77
190.9
197.79
193.81
187.71
182
172.92
173.44
174.48
183.26
180.45
184.13
180.13
183.25
197.58
191.15
192.22
190.41
191.81
189.19
193.88
195.28
207.46
194.77
192.58
185.52
185.06
184.51
186.79
180.54
185.9
185
187.04
184.31
180.59
162.99
165.08
162.55
160.67
153.75
160.19
164.31
161.83
160.31
160.61
161.2
170.06
171.79
169.15
168.54
172.08
167.98
166.35
166.52
173.86
176.89
180.14
188.87
185.77
182.9
184.47
193.17
201.16
203.93
207.52
213.97
217.61
221.31
224.57
234.86
244.4
249.83
258.71
256.79
255.9
260.54
274.45
259.46
264.61
256.6
241.05
250.21
256.24
257.5
261.77
279.82
282.48
276.54
274.43
269.61
269.79
271.99
277.9
281.38
290.38
293.34
291.26
262.9
260.02
269.06
265.28
264.35
255.71
266.44
267.43
261.07
254.11
259.32
253.86
251.45
249.7
242.19
245.34
242.65
239.76
232.96
225.6
219.22
215.49
231.28
233.19
236.86
230.04
238.59
238.82
257.18
256.9
258.08
245.01
256.49
251.92
251.49
248.5
273.58
267.48
271.3
276.04
274.39
265.28
266.5
262.59
255.7
244.88
246.99
244.12
240.5
246.38
250.22
251.6
246.53
261.16
260.05
260.53
259.67
263.62
262.99
258.87
251.12
253.92
254.85
242.68
220.11
211.99
212.08
216.52
212.42
205.76
207.3
197.36
200.84
205.66
218.51
219.96
219.27
222.18
222.11
209.98
214.65
223.71
237.41
242.84
233.59
234.3
235.6
241.2
234.21
235.45
236.08
246.72
244.14
240.08
238.83
235.58
238.72
239.37
242.64
243.84
239.74
237.01
239.29
251.05
253.5
252.08
257.22
247.14
254.5
252.54
256.61
261.44
253.18
248.48
248.42
238.45
237.93
237.49
240.45
234.96
233.94
227.22
218.89
219.91
215.55
211.88
212.19
208.8
209.14
207.83
182.63
183.25
190.93
191.59
187.29
188.86
187.91
181.06
185.1
187.58
189.56
193.57
188.13
184.02
188.71
200.45
199.95
193.76
194.77
197.41
191.97
199.4
199.73
202.04
201.88
202.64
188.14
180.74
176.54
178.65
175.34
177.77
177.54
169.48
162.5
163.57
173.8
171.32
175.66
172.82
170.83
172.63
177.67
179.83
175.79
175.22
166.63
168.38
171.11
164.9
172.98
176.88
171.76
174.6
171.05
161.48
157.11
155.45
149.93
147.05
142.05
144.68
162.13
170.18
168.29
194.05
183.28
179.99
180.01
181.19
184.76
177.81
174.72
171.97
168.47
171.89
177.55
173.99
174.84
177.46
174.95
186.6
180.11
173.74
179.24
176.75
176.19
178.79
178.08
176.29
174.77
175
177.94
177.48
173.79
170.66
177.29
182.47
178.01
187.44
184.86
181.57
183.01
182.58
187.35
196.37
197.42
197.88
209.86
231.26
246.39
251.52
252.94
262.33
263.26
241.03
248.23
252.64
256.56
248.5
249.23
239.2
251.51
246.38
215.99
220.25
219.8
232.1
222.62
232.07
216.86
207.67
198.88
200.64
191.76
198.84
200
197.49
207.83
201.38
214.14
216.12
222.72
221.1
223.27
210.66
220.32
213.21
209.21
205.75
206.28
214.11
210.6
219.41
230.17
210.73
216.27
226.17
228.13
229.81
230.29
226.78
227.87
227.2
243.92
238.25
250
254.27
257.02
254.22
260.46
261.63
258.02
249.02
240.66
250.08
240.83
244.5
241.05
238.77
217.8
219.16
219.57
221.33
220.89
220.7
218.85
217.97
213.65
260.48
269.19
262.51
259.52
257.55
249.85
248.98
242.84
251.44
288.53
296.91
321.22
350
328.49
330.24
311.18
320.72
338.74
346
342.03
339.64
352.56
338.59
338.23
332.89
345.16
357.09
351.42
357.93
369.49
389.22
389.79
400.99
424.77
418.1
436.23
463.02
479.86
440.13
436.17
421.06
430.6
462.28
454.13
431.66
417.41
403.84
379.28
410.44
411.05
394.36
394.94
394.74
403.31
396.36
428.22
413.82
426.5
424.07
415.11
412.38
406.58
397.15
398.09
389.1
400.28
404.6
383.68
392.21
378.17
374.32
361.62
350.73
328.5
336.51
355.94
355.84
354.11
360.56
354.4
337.8
330.53
302.8
290.8
281.95
292.98
284.65
272.04
279.1
263.45
262.67
222.15
230.58
248.09
240.68
249.98
238.01
225.31
235.86
236.26
248.71
278.39
288.14
272.06
273.13
263.55
259.16
268.46
282.76
267.28
239.43
233.29
221.86
272.2
252.4
252.31
252.35
254.11
241.55
241.37
227.5
237.97
250.74
259.51
284.95
285.88
292.03
282.16
280.52
287.21
280.26
275.35
276.22
284.82
298.26
318.38
334.07
347.68
342.82
349.98
342.09
343.82
334.62
341.04
339.34
362.89
356.9
358.43
346.46
342.69
344.27
332.05