173.8
171.32
175.66
172.82
170.83
172.63
177.67
179.83
175.79
175.22
166.63
168.38
171.11
164.9
172.98
176.88
171.76
174.6
171.05
161.48
157.11
155.45
149.93
147.05
142.05
144.68
162.13
170.18
168.29
194.05
183.28
179.99
180.01
181.19
184.76
177.81
174.72
171.97
168.47
171.89
177.55
173.99
174.84
177.46
174.95
186.6
180.11
173.74
179.24
176.75
176.19
178.79
178.08
176.29
174.77
175
177.94
177.48
173.79
170.66
177.29
182.47
178.01
187.44
184.86
181.57
183.01
182.58
187.35
196.37
197.42
197.88
209.86
231.26
246.39
251.52
252.94
262.33
263.26
241.03
248.23
252.64
256.56
248.5
249.23
239.2
251.51
246.38
215.99
220.25
219.8
232.1
222.62
232.07
216.86
207.67
198.88
200.64
191.76
198.84
200
197.49
207.83
201.38
214.14
216.12
222.72
221.1
223.27
210.66
220.32
213.21
209.21
205.75
206.28
214.11
210.6
219.41
230.17
210.73
216.27
226.17
228.13
229.81
230.29
226.78
227.87
227.2
243.92
238.25
250
254.27
257.02
254.22
260.46
261.63
258.02
249.02
240.66
250.08
240.83
244.5
241.05
238.77
217.8
219.16
219.57
221.33
220.89
220.7
218.85
217.97
213.65
260.48
269.19
262.51
259.52
257.55
249.85
248.98
242.84
251.44
288.53
296.91
321.22
350
328.49
330.24
311.18
320.72
338.74
346
342.03
339.64
352.56
338.59
338.23
332.89
345.16
357.09
351.42
357.93
369.49
389.22
389.79
400.99
424.77
418.1
436.23
463.02
479.86
440.13
436.17
421.06
430.6
462.28
454.13
431.66
417.41
403.84
379.28
410.44
411.05
394.36
394.94
394.74
403.31
396.36
428.22
413.82
426.5
424.07
415.11
412.38
406.58
397.15
398.09
389.1
400.28
404.6
383.68
392.21
378.17
374.32
361.62
350.73
328.5
336.51
355.94
355.84
354.11
360.56
354.4
337.8
330.53
302.8
290.8
281.95
292.98
284.65
272.04
279.1
263.45
262.67
222.15
230.58
248.09
240.68
249.98