459.87
458.74
525.31
518.74
522.25
522.95
533.44
524.17
526.88
528.66
546.76
555.54
560.01
567.71
570.15
578.34
575.4
566.02
564.55
557.63
559.05
565.71
566.54
563.09
556.85
551
554.82
546.01
531.04
532.15
542.44
536.61
538.71
551.65
546.41
526.17
509.32
514.2
513.62
530.24
536.3
530.93
535.22
539.79
554.16
553.46
563.12
562.25
565.79
557.44
558.3
559.44
567.82
560.54
569.63
574.41
571.04
575.25
567.93
563.41
569.88
574.48
580.38
586.55
536.87
521.5
515.03
508.13
526.44
522.3
527.87
524.07
517.9
515.38
515.48
517.78
502.8
505.81
503.8
507.22
487.3
496.24
494.08
503.57
495.42
509.65
508.03
502.54
496.83
494.9
497.71
493.11
485.03
482.87
483.72
481.04
485.39
486.68
478.08
482.8
481.35
486.42
504.83
500.92
494.68
504.48
526.42
532.5
529.87
503.37
499.51
499.61
499.5
504.44
512.15
518.73
525.3
513.68
515.93
516.2
516.26
536.49
538.22
552.96
547.93
547.05
549.93
474.63
465.69
461.53
455.23
441.31
437.39
447.17
446.74
447.94
450.16
446.48
445.8
444.68
441
430.57
431.18
422.63
419.58
405.92
408.5
412.71
417.28
426.93
429.99
436.36
437.32
437.28
435.38
438.6
442.84
441.68
446
437.45
438.6
440.23
437.63
435.4
433.07
451.1
458.82
462.76
459.22
460.16
464.11
456.99
454.69
444.32
444.42
443.41
441.5
437.19
438.56
440.72
446.03
451.24
444.78
449.4
435.08
433.66
438.6
377.84
394.74
399.34
391.37
387.89
389.61
387.26
394.47
403.64
397.81
396.15
385.71
383.53
383.2
385.78
367.25
349.07
340.7
340
364.64
350.05
352.47
350.91
350.38
344.19
348.8
343.22
349.91
351.96
360.91
367.72
368.62
370.98
374.98
374.63
380.87
381.06
382.98
384.97
383.99
383.28
395.94
397.4
399.47
404.69
417.125
420.68
417.61
414.03
414.33
407.69
413.1
412.23
413.36
415.09
403.4
412.49
413.91
415.2
416.92
416.26
416.06
412.84