186.89
183.83
183.66
184.06
182.81
186.1
189.08
185.57
186.34
193.61
197.85
193.25
197.2
200
197.59
200
199.29
199.34
199.79
195.05
194.49
192.72
193.02
187.93
183.75
183.13
182.55
186.41
180.83
179.85
182.5
183.2
181.71
186.98
184.07
167.9
161.02
161.93
162.77
165.8
166.94
166.8
170.23
170.1
177.59
177.06
178.22
178.88
180.11
176.13
177.04
175.5
173.12
170.8
172.12
178.5
176.25
173.33
177.89
171.39
175.4
179.55
184.52
187
186.49
184.89
186.88
186.43
189.87
191.6
193.88
193.96
192.53
191.16
187.97
186.33
185.13
184.76
181.96
186.51
180.8
182.72
185.17
186.65
188.82
187.54
187.69
186.89
187.53
188.99
189.07
189.7
184.71
186.38
187.83
188.39
190.83
192.73
186.4
197.93
195.78
199.5
207.09
210.05
208.18
206.84
208.91
214.1
211.48
202.61
201.7
204.61
202.88
198.38
197.12
201.45
207.86
205.74
207.89
210.71
213.44
218.16
220.55
227.03
226.09
225.04
230.26
228.97
227.46
232.93
231.15
220.52
223.29
224.92
225.06
229.05
227.05
223.75
221.3
219.39
220.22
224.19
227.61
222.11
222.13
218.94
218.46
217.76
223.35
220.66
225.94
230.71
235.01
235.42
234.85
235.42
238.15
237.07
234.64
237.68
237.42
242.06
236.17
238.83
229.15
233.14
232.76
228.93
230.37
228.68
226.65
226.63
222.88
216.58
212.71
212.8
214.35
208.74
212.28
205.02
203.8
208.36
200.7
199.25
194.54
196.59
198.89
193.89
197.95
195.74
192.82
195.54
194.95
196.21
203.26
205.71
201.13
201.36
192.72
190.26
192.17
196.01
178.41
171
175.26
170.66
191.1
181.22
184.87
182.12
179.59
174.33
172.61
167.32
173.18
180.6
186.54
188.99
187.7
187.39
184.42
190.2
189.98
186.35
185.01
188.71
192.08
193.06
208.64
211.37
210.25
205.17
205.59
206.16
204.07
201.12
203.1
200.99
206.02
204.72
205.7
205.01
206.65
205.71
207.23
207.91
213.57
216.98
217.61
213.2