254.96
247.64
244.5
245.1
235.95
235.03
225.86
212.31
221.71
214.58
224
222.23
233.37
227.51
224.94
223.68
220.56
219.97
219.56
214.63
218.02
242.85
251.49
249.1
233.24
257.79
265.15
257.63
245.06
231.52
242.93
234.2
224.46
224.36
212.64
204.44
189.47
194.17
178.91
192.32
196.29
191.74
197.94
195.96
197.12
205.31
204.46
197.25
206.23
198.43
211.4
204
198.3
190.2
188.28
183.36
169.13
163.22
159.7
147.35
155.05
158.46
157.15
162.89
163.05
161.5
162.45
162.64
168.24
170.09
170.22
171.68
167.08
179.93
191.23
178.17
165.01
164.47
163.1
170.91
168.92
167.69
166.97
164.27
176.38
196.35
196.34
210.48
204.2
220.21
213.72
210.72
198.93
209.16
205.04
216.1
219.66
211.74
179.25
182.88
186.27
193.96
254.31
255.58
270.74
324.24
319.13
284.72
278.84
305.85
325.41
324.57
320.01
295.23
304.64
312.22
293.29
310.98
296.2
302.4
309.35
330.94
320.57
343.62
310.52
302.42
313.81
312.96
310.58
315.31
311.64
279.86
273.92
278.71
268.15
279.62
274.41
265.71
255.56
248.3
257.21
270.65
287.76
264.33
260.01
258.78
251.2
255.37
274.93
281.63
295.48
294.19
295.85
296.01
298
277.99
281.82
291
301.3
291.33
284.41
280.39
275.14
270.37
274.49
280.22
266.9
274.9
298.11
274.31
264.63
258.67
256.59
235.38
227.07
212.49
212.96
208.37
215.62
205.75
212.55
222.45
214.17
217.45
179.23
191.69
191.73
177.49
183.12
188.96
181.14
189.75
190.38
189.86
203.04
204.23
193.95
188.58
173.93
172.23
174.52
182.95
170.76
160.55
157.28
151.47
177.09
169.62
175.5
176.58
175.57
172.21
175.03
175
190
194.8
203.87
209.64
205.27
206.13
202.89
201.3
204.93
199.4
196.89
196.56
206.5
199.32
207.22
256.9
263.41
244.44
266.46
263.99
261.38
258.99
271.95
263.16
266.4
254.29
248.84
246.62
246.72
258.91
256
244.2
251.27
256.63
254.94
250.68