179.56
176.74
178.37
178.78
176.45
177.71
180.26
180.79
185.58
185.37
186.86
183.42
184.49
186.61
187.39
191.96
190.48
190.44
192.66
187.3
186.78
188.19
185.5
182.62
179.22
179.39
183.35
183.6
174.37
169.16
168.68
171.13
171.86
173.15
172.45
168.4
160.64
160.54
160.75
163.84
165.39
163.95
165.93
162.03
163.17
164.74
168.4
168.96
167.63
165.49
167.43
167.93
166.38
164.5
163.4
165.11
158.61
157.81
158.6
152.13
149.54
150.01
152.15
155.54
158.37
158.99
160.28
160.81
163.24
164.64
163.07
163.64
162.99
163.83
165.29
167.19
168.42
167.31
167.21
168.56
164.39
165.7
163.06
163.18
164.52
166.35
166.9
166.74
164.51
165.05
165.8
166.82
164.48
164.53
166.99
168.34
171.14
176.14
172.69
172.65
170.68
171.41
178.33
182.28
179.86
181.97
183.32
180.49
177.35
173.89
176.8
179.58
177.33
169.24
166.57
169.43
170.62
170.82
170.49
172.98
173.02
176.09
174.31
176.49
177.1
186.53
196.71
193.63
191.38
198.16
197.12
190.15
189.7
192.96
195.99
197.57
197.1
194.04
192.69
190.44
190.63
193.13
197.96
196.71
195.39
193.17
192.29
191.05
196.98
194.41
197.55
199.63
200.03
199.58
201.9
193.77
197.07
197.18
202.63
205.6
202.64
207.71
193.3
193.31
187.14
188.2
187.07
185.43
187.88
186.87
185.8
187.13
186.64
181.58
181.19
177.37
174.7
170.21
172.22
168.66
172.61
174.99
174.21
175.75
167.81
165.98
169
164.73
167.62
166.57
162.67
166.28
165.05
166.25
169.93
172.79
167.14
164.08
156.06
156.23
158.88
158.86
152.63
147.74
149.24
146.58
161.06
155.37
159.4
161.47
158.68
155.5
153.36
149.86
153.9
157.72
161.47
163.85
162.42
162.06
160.89
162.79
165.81
166.05
165.2
152.8
155.75
154.38
159.58
160.89
166.81
165.4
167.43
167.87
165.32
170.06
171.98
169.59
173.98
173.38
172.96
172.85
170.37
167.71
169.39
169.81
174.92
177.63
180.01
178.79