23.7
23.31
22.42
22.25
21.86
21.73
22.29
21.37
22.14
22.31
22.59
22.71
22.79
22.46
22.89
22.68
22.09
22.6
22.32
22.04
22.28
23.94
24.63
24.18
22.83
23.41
23.42
22.87
21.41
21.18
21.2
21.18
20.4
20.57
20.24
17.88
16.42
17.21
17.12
17.73
17.92
18.54
18.41
18.65
19.55
19.98
20.28
19.83
20.18
19.89
21.12
20.96
21.36
20.32
20.17
20.12
19.37
19.11
19.67
18.94
19.66
19.7
20.64
21.64
22.07
22.21
22.64
22.95
22.81
22.73
22.7
22.77
22.39
22.43
23.89
23.42
22.33
22.63
22.43
22.89
23.32
25.61
25.65
25.5
26.27
27
26.8
26.93
26.32
26.83
26.97
27.41
26.7
27.22
27.06
27.88
28.03
28.21
23.49
23.97
24.32
24.96
29.86
29.36
30.54
32.8
33
31.91
32.22
32.32
35
35.24
36.08
35.09
36.65
37.85
36.42
37.65
37.54
37.62
38.64
40
38.92
41.67
39.54
37.36
37.84
39.33
40.2
43.2
41.63
37.08
36.94
38.33
37.5
39.58
40.38
39.02
38.28
37.26
39.44
41.35
42.71
40.56
40.81
40.08
39.59
41.76
45.56
46.08
48.15
50
50.16
50.36
51.12
47.74
49.4
51.15
53
51.95
51.9
52.58
54.2
53.17
55.86
56.27
53.34
55.91
63.8
65.28
60.44
59.23
56.06
51.6
49.93
45.92
48.85
48.78
50.1
46.89
46.22
48.12
44.84
44.42
35.63
36.36
38.92
36.02
39.24
42.02
40.1
42.8
43.66
44.36
48.36
48.15
44.73
43.99
41.92
41.62
42.16
42.68
38.26
34.51
35.41
34.17
42.21
40.51
43.68
44.14
44.08
40.66
41.18
39.85
42.09
44.66
48.15
49.45
48.93
49.37
49.11
46.62
48.59
48.05
48.69
49.99
54.07
54.65
57.43
62.57
61.39
60.68
61.76
64.27
64.91
63.86
64.77
63.17
66.02
65.14
63.95
66.15
67.98
71.72
72.27
72.51
74.88
73.4
72.51
74.88