508.84
504.1
504.16
506.63
499.49
501.7
494.78
498.91
510.6
513.12
519.56
504.22
504.68
509.5
509.96
539.91
529.32
530
534.69
512.7
498.87
496.16
489.79
461.99
475.85
476.79
487.4
488.69
461.27
453.41
465.7
465.71
463.19
474.83
497.74
488.14
475.73
494.09
488.92
509.63
517.77
515.95
528.54
526.76
537.33
527.42
529.28
526.73
535.16
531.93
528
521.12
519.1
516.78
518.22
521.31
511.76
512.74
516.86
500.27
504.79
504.79
511.83
525.6
524.62
533.28
536.315
537.95
559.1
561.35
564.41
563.33
568.31
567.84
567.36
572.44
576.47
572.81
582.77
595.94
584.78
592.89
590.51
583.83
589.95
590.42
586.27
576.79
576.93
576.47
575.16
582.01
563.69
567.78
573.25
578.16
593.28
591.8
567.58
567.16
560.68
572.43
572.05
591.7
589.34
583.17
584.82
580
577.16
554.08
554.4
561.09
565.52
563.09
559.14
565.11
573.54
569.2
574.32
592.83
613.65
613.78
608.93
623.77
613.57
619.32
632.68
630.79
620.35
624.24
619.44
597.19
595.57
585.25
599.85
607.75
603.35
599.81
591.24
585.51
599.24
604.63
630.2
617.89
610.72
615.86
608.33
594.25
617.12
611.3
612.77
616.46
623.5
636.45
647.49
659.88
674.33
676.49
687
689.18
697.46
704.19
704.87
711.99
714.52
717.4
719.8
725.38
728.56
736.67
716.37
703.77
694.84
683.55
668.13
657.5
673.7
658.24
668.2
655.05
640
656.47
627.93
625.66
597.99
605.71
619.56
590.64
607.6
604.9
582.36
584.06
586
596.25
618.85
626.31
610.98
602.58
576.74
576.36
586
583.93
531.62
504.73
516.25
510.45
585.77
546.29
543.57
531.48
521.52
502.31
501.48
484.66
500.28
520.27
533.15
547.27
549.74
554.44
549
572.21
597.02
599.27
587.31
596.81
598.01
592.49
639.43
656.03
659.36
643.88
640.34
640.43
637.1
635.5
636.57
627.06
642.32
643.58
645.05
647.49
670.9
666.85
687.95
684.62
697.71
694.06
702.4
694.14