125.2
129.61
131.88
130.98
135.58
130.78
126.57
118.11
126.09
126.4
123.99
123.54
124.3
122.67
128.28
125.83
128.2
131.38
134.91
127.4
129.24
128.44
126.36
117.99
121.09
117.93
123.54
122.59
114.25
112.28
113.06
111.59
103.73
117.02
109.21
107.27
100.45
104.25
98.91
104.97
104.75
109.02
116.14
118.08
122.86
124.58
130
127.25
128.5
123.74
129.37
126.46
128.3
125.61
117.59
119.37
108
106.21
107.21
102.83
106.47
108.1
116.91
119.14
119.1
116.78
115.59
113.37
117.87
116
116.26
120.87
123.51
124.04
121.4
121.44
117
118.85
122.85
124.92
127.72
132.89
132.65
134.81
134.8
138.07
131.6
135.72
136.93
138
143.71
143.59
139.56
140.41
141.54
140.52
141.25
139.335
132.76
135.4
136.05
139.91
145.61
148.88
147.63
145.26
148.29
146.27
146.76
141.98
140.15
147.01
145.89
146.67
141.95
136.02
136.92
135.34
138.25
138.63
140.26
145.14
145.06
142.44
138.81
135.07
139.31
137.34
134.25
132
130.39
128.91
130.68
134.7
139.67
140.22
139.93
137.01
137.49
134.29
138.31
144.47
149.43
140.14
140.11
135.91
133.23
131.76
136.24
133.57
137.71
140.83
147.07
147.22
142.62
118.42
128.99
123.7
124.65
120.07
116.66
118.65
124.83
128.68
129.84
133.57
132.8
131.14
135.29
138.85
139.4
139.23
140.11
134.43
130.28
126.63
131.28
120.15
124.92
114.06
115.99
117.3
110.57
112.69
106.98
108.76
115.74
115.58
121.67
119.53
115.43
117.52
118.53
117.7
121.41
120.69
113.76
111.43
109.67
108.38
110.15
110.42
101.8
94.31
97.64
96.3
114.33
107.57
110.93
110.71
112.2
104.49
101.49
96.91
98.89
102.71
106.43
111.01
108.73
109.02
108.92
111.61
114.5
113.82
113.54
117.06
117.37
116.65
123
129.93
135.34
134.83
135.4
135.57
134.38
131.8
132.83
131.29
135.5
134.81
139.19
135.13
137.38
141.22
141.92
139.99
141.72
142.63
143.96
142.83