497.64
498.58
498.98
502.94
504.28
502.88
501.78
500.43
502.51
503.07
503.85
500.13
501.28
504.53
506.81
509.84
510.33
510.89
515.81
511.39
514.55
516.11
519.04
511.79
507.94
504.55
509.79
508.94
497.29
494.78
500.33
500.7
498.08
505.93
499.03
489.91
475.2
479.94
476.61
487.73
489.82
490.07
498.21
499.8
508.38
509.45
514.35
513.5
515.3
511.13
516.66
515.39
516.08
513.13
513.21
518.04
507.56
506.3
505.05
496.64
502.23
504.3
509.46
513.84
516.57
517.35
517.59
515.91
524.91
523.88
525.17
526.68
525.61
527.7
525.38
527.67
522.74
522.83
521.84
526.65
521.91
526.85
530.45
529.56
532.71
537.07
532.98
535.22
535.3
537.36
536.53
536.16
531.27
532.47
532.26
533.92
534.77
533.16
522.67
524.94
523.8
530.1
543.3
547.53
549.95
550.4
548.75
549.03
545.54
538.5
540.73
542.7
542.9
545.64
547.47
549.23
552.31
550.55
553.45
555.01
555.14
558.64
557.71
558.82
555.91
554.33
558.53
555.65
555.61
557.79
555.45
539.14
538.94
545.04
547.19
552.82
552.81
547.08
540.99
538.81
537.46
544.4
547.57
541.41
542.14
533.89
534.58
535.26
545.05
544.24
549.46
554.46
557.61
560.7
559.01
551.23
555.85
553.41
556.3
553.33
549.7
553.35
555.62
557.62
552.2
556.15
556.65
554.81
560.67
560.69
562.31
563.67
561.3
551.75
549.14
546.41
546.75
537.97
546.33
536.92
530.45
536.4
526.67
529.51
515.51
511.28
513.76
507.05
517.46
521.41
515.91
521.33
520.13
520.26
529.39
530.65
524.46
521.21
510.8
513.91
515.8
518.91
494.16
465.52
463.56
456.74
499.1
482.06
490.55
495.48
494.09
483.23
483.9
472.37
484.29
492.07
502.41
506.11
506.42
509.49
509.74
513.35
520.71
517.99
513.58
515.9
519.34
518.65
535.92
539.44
540.11
542.76
546.26
546.82
544.88
535.77
536.02
532.4
543.34
540.24
542.32
541.76
544.91
548
547.65
545.09
550.66
551.25
554.39
552.86